cave.png<sp>
0 0 0 0 0 0 0 0 0 0 0 0 0 0 0 0 0 0 1 1 5 5 5 1 0 0 0 0 0 0 0p
0 0 0 0 0 0 0 0 0 0 0 0 0 0 0 0 0 0 11 2 2 2 2 0 0 0 0 0 0 0 0p
0 0 0 0 0 0 0 0 0 0 0 0 0 0 0 0 0 0 13 11 11 13 0 0 0 0 0 0 0 0 0p
0 0 0 0 0 0 0 0 0 0 0 0 0 0 0 0 0 0 0 13 12 0 0 0 0 0 0 0 0 0 0p
0 0 0 0 0 0 0 0 0 0 0 0 0 0 0 0 0 0 0 0 13 0 0 0 0 0 0 0 0 0 0p
0 0 0 0 0 0 0 0 0 0 0 0 0 0 0 0 0 0 0 0 0 0 0 0 en 0 0 0 0 0 0p
0 0 st 0 0 0 0 0 0 0 0 1 1 1 17:-2 0 0 0 0 0 0 6 6 0 0 0 0 0 0 0 0p
0 0 0 0 0 0 0 0 1 1u16:1 1 2 2 2 1 1 0 0 0 0 1 7 7 7 1 1 1 0 0 0 0p
0 1 1 1 1 1 0 0 0 2 2 2 2 2 2 0 0 0 0 0 0 2 2 2 2 2 0 0 0 0 0p
0 0 2 2 2 0 0 0 0 0 0 0 0 0 0 0 0 0 0 0 0 0 2 2 2 0 0 0 0 0 0d