cave.png<sp>
0 0 0 0 0 2 2 2 2 2 2 0 0 0 0 0 0 0 0 0 0 0 0 0 0 0 0 0 0 0 0p
0 0 0 0 0 2 2 2 2 2 2 0 0 0 0 0 0 0 0 0 0 0 0 0 0 0 0 0 0 0 0p
0 0 0 0 0 2 2 2 2 2 2 0 0 0 0 0 0 0 0 0 0 0 0 0 0 0 0 0 0 0 0p
0 0 0 0 0 2 2 2 2 0 13 0 0 0 0 0 0 0 0 0 0 0 0 0 0 0 0 0 0 0 0p
0 0 0 0 0 13 11 11 0 0 0 0 0 0 0 0 0 0 0 0 0 en 0 0 0 0 0 0 0 0 0p
0 0 0 0 0 0 12 12 0 0 0 0 0 0 0 0 0 0 10 10 0 0 0 0 0 0 0 0 0 0 0p
0 0 0 0 0 0 12 12 0 0 0 0 0 0 0 0 1 1 7 7 7 7 1 0 0 0 0 0 0 0 0p
0 0 st 0 0 0 13 12 0 0 0 0 0 0 0 0 2 2 2 2 2 2 0 0 0 0 0 0 0 0 0p
0 6 6 0 0 0 0 12 0 0 0 0 0 0 0 0 0 0 2 2 2 0 0 0 0 0 0 0 0 0 0p
7 7 7 7 1 0 0 13 0 0 0 0 0 0 0 0 0 0 0 0 0 0 0 0 0 0 0 0 0 0 0p
2 2 2 2 2 0 0 0 0 0 0 0 0 0 15 0 0 0 0 0 0 0 0 0 0 0 0 0 0 0 0p
2 2 2 2 2 0 0 0 0 1 1 1 7 7 7 1 0 0 0 0 0 0 0 0 0 0 0 0 0 0 0p
0 2 2 2 2 0 0 0 0 2 2 2 2 2 2 2 0 0 0 0 0 0 0 0 0 0 0 0 0 0 0p
0 2 2 2 2 0 0 0 0 0 2 2 2 2 13 0 0 0 0 0 0 0 0 0 0 0 0 0 0 0 0p
0 0 2 2 2 0 0 0 0 0 13 2 2 0 0 0 0 0 0 0 0 0 0 0 0 0 0 0 0 0 0p
0 0 0 2 0 0 0 0 0 0 0 0 11 0 0 0 0 0 0 0 0 0 0 0 0 0 0 0 0 0 0p
0 0 0 2 0 0 0 0 0 0 0 0 13 0 0 0 0 0 0 0 0 0 0 0 0 0 0 0 0 0 0