cave.png<sp>
0 0 0 0 0 0 0 0 0 0 0 0 0 0 0 0 0 0 0 0 0 0 0 0 0 0 0 0 0 0 0p
0 0 0 0 0 0 0 0 0 0 0 0 0 0 0 0 0 0 0 0 0 0 0 en 0 0 0 0 0 0 0p
0 0 0 0 0 0 0 0 0 0 0 0 0 0 0 0 0 0 0 0 0 0 0 0 0 0 0 0 0 0 0p
0 0 0 0 0 0 0 0 0 0 0 0 0 0 0 0 0 0 0 0 1 7 7 1 1 1 0 0 0 0 0p
0 0 0 0 0 0 0 0 0 0 0 0 0 0 0 0 0 0 0 0 0 2 2 2 2 0 0 0 0 0 0p
0 0 0 0 0 0 0 0 0 0 0 6 0 0 0 1 1 0 0 0 0 0 2 2 0 0 0 0 0 0 0p
0 0 0 0 0 0 0 1 5 5 5 7 0 0 0 2 2 0 0 0 0 0 0 0 0 0 0 0 0 0 0p
0 0 0 0 0 0 0 0 2 2 2 2 0 0 0 0 2 0 0 0 0 0 0 0 0 0 0 0 0 0 0p
0 0 0 0 0 0 0 0 0 2 2 0 0 0 0 0 11 0 0 0 0 0 0 0 0 0 0 0 0 0 0p
0 0 0 0 0 0 0 0 0 0 0 0 0 0 0 0 12 0 0 0 0 0 0 0 0 0 0 0 0 0 0p
0 0 0 0 15 0 0 0 0 0 0 0 0 0 0 0 13 0 0 0 0 0 0 0 0 0 0 0 0 0 0p
0 0 0 5 5 5 0 0 0 0 0 0 0 0 0 0 0 0 0 0 0 0 0 0 0 0 0 0 0 0 0p
0 0 0 2 2 2 5 0 0 0 0 6 10 0 0 0 0 0 0 0 0 0 0 0 0 0 0 0 0 0 0p
0 0 0 0 2 2 0 0 0 0 1 7 1 1 1 1 0 0 0 0 0 0 0 0 0 0 0 0 0 0 0p
0 0 0 0 0 0 0 0 0 0 0 2 2 2 2 0 0 0 0 0 0 0 0 0 0 0 0 0 0 0 0p
0 0 0 0 0 0 0 0 0 0 0 13 11 11 0 0 0 0 0 0 0 0 0 0 0 0 0 0 0 0 0p
0 0 0 0 0 0 0 0 0 0 0 0 12 13 0 0 0 0 0 0 0 0 0 0 0 0 0 0 0 0 0p
0 0 st 0 0 0 0 0 0 0 0 0 13 0 0 6 0 15 0 0 0 0 0 0 0 0 0 0 0 0 0p
0 0 0 0 0 6 0 0 0 0 0 0 0 0 0 1 7 7 1 0 0 0 0 0 0 0 0 0 0 0 0p
0 1 1 5 7 7 1 0 0 0 0 5 5 1 1 2 2 2 2 0 0 0 0 0 0 0 0 0 0 0 0p
0 0 2 2 2 2 0 0 0 0 0 0 2 2 2 2 2 2 0 0 0 0 0 0 0 0 0 0 0 0 0